Team TurtleRabbit is color: Blue
robot id : 2
 x:1220.040771484375
 y: 881.6255493164062
 o: -2.4690189361572266
robot id : 3
 x:-991.302734375
 y: 92.43305206298828
 o: -0.12451176345348358
robot id : 4
 x:654.0460205078125
 y: -679.488037109375
 o: 2.4736506938934326
robot id : 5
 x:-1872.419921875
 y: 958.5248413085938
 o: -0.4364713728427887
robot id : 6
 x:2366.353271484375
 y: -1083.013671875
 o: 2.3969554901123047
Team Enemy is color: Yellow
Balls On Field : 1
ball:1
 Ball_pos: (370.5109558105469, -397.2486572265625)
